        gamma =        1.000000000000000
        Omega =       15.707963267948966
           N =        80
    halfwidth =        2.500000000000000
        kappa =        0.078125000000000
           dw =        0.031250000000000
            m =        1.000000000000000
          w0a =        0.000000000000000
