        gamma =        1.000000000000000
        Omega =       15.707963267948966
           N =        80
    halfwidth =       10.500000000000000
        kappa =        2.750000000000000
           dw =        0.000000000000000
          w0a =       15.707963267948966
          w0b =      -15.707963267948966
