        gamma =        1.000000000000000
        Omega =       15.707963267948966
           N =        80
    halfwidth =        9.350000000000000
        kappa =        0.292187500000000
           dw =        0.116875000000000
            m =        1.000000000000000
          w0a =       15.707963267948966
