 Parameters are in the following order:
   Gamma =        1.000000000000000
   Omega =       40.000000000000000
   alpha =     -120.000000000000000
   delta =        0.000000000000000
      xi =        1.000000000000000
     w0a =       75.000000000000000
  kappaa =        1.000000000000000
     dwa =         0.500000000000000
     w0b =      -75.000000000000000
  kappab =        1.000000000000000
     dwb =         0.500000000000000
 epsilon =        1.000000000000000
       N =        30
   phase =         1
