        gamma =        1.000000000000000
        Omega =       15.707963267948966
           N =         0
    halfwidth =        1.000000000000000
        kappa =        1.000000000000000
           dw =        0.000000000000000
