 Parameters are in the following order:
   Gamma =        1.000000000000000
   Omega =       15.707963267948966
     w0a =       15.707963267948966
  kappaa =        2.000000000000000
     dwa =         0.400000000000000
     w0b =        0.000000000000000
  kappab =        2.000000000000000
     dwb =         0.400000000000000
 epsilon =        1.000000000000000
       N =        20
   phase =         1
