        gamma =        1.000000000000000
        Omega =       15.707963267948966
           N =        80
    halfwidth =       14.500000000000000
        kappa =        0.453125000000000
           dw =        0.181250000000000
          w0a =       15.707963267948966
