        gamma =        1.000000000000000
        Omega =       15.707963267948966
           N =        50
    halfwidth =       14.500000000000000
        kappa =        0.725000000000000
           dw =        0.290000000000000
          w0a =       15.707963267948966
          w0b =      -15.707963267948966
