        gamma =        1.000000000000000
        Omega =       15.707963267948966
           N =        50
    halfwidth =        8.000000000000000
        kappa =        0.050000000000000
           dw =        0.160000000000000
            m =        1.000000000000000
          w0a =       15.707963267948966
