        gamma =        1.000000000000000
        Omega =       15.707963267948966
           N =        80
    halfwidth =        1.350000000000000
        kappa =        0.042187500000000
           dw =        0.016875000000000
            m =        1.000000000000000
          w0a =       15.707963267948966
