 kappa_p =        1.000000000000000
   Delta =        0.000000000000000
  lambda =        0.010000000000000
       N =        40
     w0a =        0.300000000000000
  kappaa =        0.010000000000000
     dwa =         0.002500000000000
     w0b =       -0.900000000000000
