 kappa_p =        1.000000000000000
   Delta =        0.000000000000000
  lambda =        0.010000000000000
       N =         0
     w0a =        0.300000000000000
  kappaa =        5.000000000000000
     dwa =         0.005000000000000
