 Parameters are in the following order:
   Gamma =        1.000000000000000
   Omega =       15.707963267948966
     w0a =       15.707963267948966
  kappaa =        1.000000000000000
     dwa =         0.800000000000000
     w0b =      -15.707963267948966
  kappab =        1.000000000000000
     dwb =         0.800000000000000
 epsilon =        1.000000000000000
       N =        10
   phase =         1
