 Parameters are in the following order:
   gamma =        1.000000000000000
   Omega =       15.707963267948966
   kappa =        1.000000000000000
      dw =         0.800000000000000
 epsilon =        1.000000000000000
       N =        10
   phase =         1
