 Parameters are in the following order:
   Gamma =        1.000000000000000
   Omega =        5.000000000000000
   alpha =     -120.000000000000000
   delta =        0.000000000000000
      xi =        1.000000000000000
      dt =        0.001000000000000
Max time =       50.000000000000000
Max tau1 =      100.000000000000000
Max tau2 =       10.000000000000000
