 Parameters are in the following order:
   Gamma =        1.000000000000000
   Omega =        5.000000000000000
   alpha =     -120.000000000000000
   delta =        0.000000000000000
      xi =        1.000000000000000
      w0 =       60.000000000000000
   kappa =        2.000000000000000
      dw =         0.250000000000000
 epsilon =        1.000000000000000
       N =        30
   phase =         1
