               gamma =    1.000000000000000 
               Omega =   15.707963267948966 
                   N =    0.000000000000000 
                   m =    1.000000000000000 
                  w0 =   15.707963267948966 
