        gamma =        1.000000000000000
        Omega =       15.707963267948966
           N =         0
        kappa =        8.000000000000000
          w0a =       15.707963267948966
           dt =        0.001000000000000
     Max tau2 =       10.000000000000000
  
 Halfwidth Scan Values
    halfwidth =        1.000000000000000
    halfwidth =        2.000000000000000
    halfwidth =        3.000000000000000
    halfwidth =        4.000000000000000
    halfwidth =        5.000000000000000
    halfwidth =        6.000000000000000
    halfwidth =        7.000000000000000
    halfwidth =        8.000000000000000
    halfwidth =        9.000000000000000
    halfwidth =       10.000000000000000
    halfwidth =       11.000000000000000
    halfwidth =       12.000000000000000
    halfwidth =       13.000000000000000
    halfwidth =       14.000000000000000
    halfwidth =       15.000000000000000
    halfwidth =       16.000000000000000
