        gamma =        1.000000000000000
        Omega =       15.707963267948966
           N =        80
    halfwidth =        5.400000000000000
        kappa =        0.168750000000000
           dw =        0.067500000000000
            m =        1.000000000000000
          w0a =        0.000000000000000
