        gamma =        1.000000000000000
        Omega =       15.707963267948966
           N =        80
    halfwidth =        5.650000000000000
        kappa =        0.176562500000000
           dw =        0.070625000000000
            m =        1.000000000000000
          w0a =        0.000000000000000
