        gamma =        1.000000000000000
        Omega =       15.707963267948966
           N =        80
          w0a =        0.000000000000000
